<?xml version="1.0"?>
<opencv_storage>
<calibration_time>"04/25/17 08:47:52"</calibration_time>
<nr_of_frames>20</nr_of_frames>
<image_width>1920</image_width>
<image_height>1080</image_height>
<board_width>9</board_width>
<board_height>6</board_height>
<square_size>35.</square_size>
<fix_aspect_ratio>1.</fix_aspect_ratio>
<!-- flags: +fix_aspectRatio +fix_principal_point +zero_tangent_dist +fix_k4 +fix_k5 -->
<flags>6158</flags>
<fisheye_model>0</fisheye_model>
<camera_matrix type_id="opencv-matrix">
  <rows>3</rows>
  <cols>3</cols>
  <dt>d</dt>
  <data>
    1.1710634977905493e+003 0. 960. 0. 1.1710634977905493e+003 540. 0.
    0. 1.</data></camera_matrix>
<distortion_coefficients type_id="opencv-matrix">
  <rows>5</rows>
  <cols>1</cols>
  <dt>d</dt>
  <data>
    1.3030686086677981e-001 -3.2351439072198912e-001 0. 0.
    1.7448471937594093e-001</data></distortion_coefficients>
<avg_reprojection_error>4.5825071635685483e-001</avg_reprojection_error>
<per_view_reprojection_errors type_id="opencv-matrix">
  <rows>20</rows>
  <cols>1</cols>
  <dt>f</dt>
  <data>
    1.35770708e-001 1.44047990e-001 1.67994261e-001 4.88140643e-001
    3.38055909e-001 5.32467782e-001 3.91014785e-001 2.79205859e-001
    4.42077905e-001 5.83390415e-001 3.39581162e-001 3.22646499e-001
    6.62732482e-001 5.23358226e-001 6.85516357e-001 7.13861525e-001
    3.76506507e-001 3.51427734e-001 3.77923816e-001 6.40006065e-001</data></per_view_reprojection_errors>
<!-- a set of 6-tuples (rotation vector + translation vector) for each view -->
<extrinsic_parameters type_id="opencv-matrix">
  <rows>20</rows>
  <cols>6</cols>
  <dt>d</dt>
  <data>
    -2.1716226032651612e-001 3.3022448059558972e-002
    4.1623377759337386e-003 1.3224261375302279e+002
    7.2179315787290568e+000 2.4182751342881425e+003
    -1.8600218251717959e-001 1.9487024638374525e-003
    6.2024102983281169e-002 -4.0175827630752877e+002
    4.3187019902106165e+001 2.4356832749375694e+003
    -1.6736765623535294e-001 4.7863589961740144e-002
    2.3233759701382936e-001 7.9470052791295814e+002
    2.7862638544887142e+002 2.3717502845382955e+003
    2.4054847992324328e-002 4.4724544502027667e-002
    1.0298498878739534e-001 5.6911335998474760e+002
    -4.0349954206072124e+002 1.2457644123392051e+003
    3.7848296582366048e-001 -1.1931086232462761e-002
    -1.2814558220495795e-001 2.4917089278342445e+002
    -3.3111780971426833e+002 1.1019278114758699e+003
    3.2144736441770783e-001 5.7711808045947666e-002
    -3.0369248806465088e-001 -5.6383627960578815e+002
    -3.1253976548988589e+002 1.1537329961041974e+003
    -2.2364626986182715e-001 -2.3306409993395311e-001
    -1.0828036704960589e-001 -6.9383074735394348e+002
    7.0272253672439319e+001 1.0158611181748307e+003
    -4.0602144235206472e-002 2.7630644493046315e-002
    -2.9328991523263331e-001 -1.5914130202328212e+002
    1.1060962473467229e+002 9.4871874643187300e+002
    -5.1800248403185797e-002 1.4402635334631722e-001
    -4.1152133936572449e-001 5.3166362594236247e+001
    1.1792077480006262e+002 9.8643943187170805e+002
    -3.7469172760108166e-002 3.2975826279660497e-001
    -9.5079033245738534e-002 4.3376507257054703e+002
    -9.9956913405158732e-001 1.1217826734098551e+003
    1.7176399608553616e-001 1.7836885417976120e-001
    -3.3728303240591828e-001 4.9352760707478086e+002
    -7.7375941431099307e+001 1.2686492536795752e+003
    3.3559970916222259e-001 8.0162446551380162e-002
    -3.2342366647373488e-001 5.5413912315919606e+002
    -3.5410350651034815e+002 1.4491284429500131e+003
    4.0793786997931020e-001 8.6128468132572519e-003
    -1.1692743295749336e-001 1.4636099931515089e+001
    -5.7573779149690859e+002 1.4895506234344571e+003
    9.4981449609920207e-002 2.1970433851649604e-001
    -1.5901114201930036e-001 2.1143343814928148e+001
    -2.6548285973554050e+002 1.5513557406573548e+003
    -6.3566149814693740e-001 -2.6656684908385925e-001
    1.8595742278266403e-001 -3.0242228256281773e+001
    -1.0291368436233229e+002 1.3908972548806119e+003
    -3.8740835702180049e-001 1.8741644130959556e-001
    -1.6415333186770806e-001 -2.0429799340831534e+002
    8.5048899055559790e+000 1.2941011056280231e+003
    6.3032728908844482e-001 -3.7709229503322825e-002
    -1.5691425197691056e-001 -6.8587137013418510e+002
    -3.9768776976103743e+002 1.5066595575865881e+003
    -7.7403527353756219e-001 -1.1869174770980655e-001
    1.2115504559615459e-001 -7.8181959236785690e+002
    -2.2822995938235360e+002 1.4148776215396169e+003
    -1.5976824450172217e-001 3.0375484281514797e-001
    -1.4058362421673454e-001 -5.5934998084094423e+002
    9.4015443967810270e+001 1.2692242623633038e+003
    -7.0213077844980210e-001 -4.2740307918740716e-001
    5.7841794517328217e-002 -2.4209688346483358e+002
    1.3394787868703588e+002 1.1428942016195715e+003</data></extrinsic_parameters>
